     1   2078   1649   1708   3868   5463   2355    805    475
     1   1929   1551   1550   3825   4741   2305    760    450
     1   1888   1613   1674   4440   4807   2388    775    460
     1   2020   1670   1829   3800   4974   2370    766    460
     1   2223   1814   1933   4222   5460   2470    815    475
     1   2190   1800   2066   4662   4860   2535    838    521
     1   2136   1640   1767   4070   5372   2385    815    480
     1   2150   1761   1859   4053   5231   2445    840    480
     1   2040   1694   1958   3977   5579   2435    835    440
     1   2052   1551   1712   3877   5401   2330    830    475
     1   2282   1706   1896   3976   5560   2500    855    500
     1   1892   1626   1763   3538   5149   2270    810    446
     1   1977   1556   1935   3576   5346   2330    785    462
     1   2220   1680   2054   4226   5130   2465    880    490
     1   2070   1604   1616   3633   5037   2345    845    475
     1   2000   1602   1818   3997   5304   2410    790    460
     1   2140   1612   1719   3490   5254   2305    790    450
     1   2084   1565   1793   3834   5078   2345    760    450
     1   2072   1651   1772   3970   5402   2396    804    462
     1   2132   1784   1875   4150   5422   2390    845    460
     1   1826   1548   1815   3519   5230   2250    800    425
     1   2073   1588   1919   4239   5203   2385    790    475
     1   2187   1801   2145   4464   5874   2600    910    524
     1   1802   1363   1458   3631   4842   2145    760    416
     1   2054   1569   1745   3678   5445   2305    791    462
     1   2479   1880   2065   4195   6104   2590    860    535
     1   2102   1506   1660   3871   5212   2300    772    437
     1   2158   1612   1869   4015   5652   2500    828    480
     1   1907   1549   1672   4050   5307   2350    770    456
     1   2084   1660   1906   4000   5061   2355    805    465
     1   1987   1592   1720   3741   5245   2475    810    470
     1   1933   1486   1742   4007   5032   2345    810    465
     1   1914   1583   1722   3677   4871   2237    805    437
     1   2015   1695   1997   4404   5453   2525    815    495
     1   1930   1688   1883   3941   5004   2370    795    469
     1   2155   1656   2150   4070   5473   2457    796    477
     1   1988   1599   1779   3856   5165   2352    770    475
     1   2027   1645   1966   4334   5293   2452    775    470
     1   2023   1612   1781   4148   4940   2340    796    455
     1   1885   1549   1628   3718   5286   2300    810    455
     1   1945   1580   1739   3801   5567   2370    800    475
     1   2186   1847   1896   4160   5587   2470    845    500
     1   2110   1631   1703   3856   4773   2350    850    465
     2   1888   1548   1763   4112   4814   2350    735    450
     2   1898   1568   1734   4169   4919   2285    750    420
     2   1735   1534   1566   3947   4773   2170    738    415
     2   1746   1394   1397   3657   4771   2060    720    415
     2   1734   1495   1561   3859   5229   2275    785    417
     2   1741   1530   1683   3999   4745   2330    790    450
     2   1746   1562   1456   3807   5108   2260    760    426
     2   1722   1558   1757   4097   4379   2290    750    432
     2   1873   1524   1885   3921   5007   2340    795    450
     2   1738   1419   1634   4039   4228   2270    771    420
     2   1731   1546   1560   3764   4866   2175    755    424
     2   1815   1436   1361   3728   4911   2150    750    412
     2   1790   1524   1606   3890   4700   2189    770    427
     2   1814   1454   1672   3890   5282   2275    795    425
     2   1819   1506   1809   3564   5062   2290    790    435
     2   1814   1550   1552   4265   4801   2298    776    440
     2   1773   1355   1447   3717   4649   2135    745    415
     2   1783   1465   1487   4141   4459   2240    760    415
     2   1762   1657   1717   4262   4982   2270    750    435
     2   1766   1585   1557   3805   4474   2235    731    430
     2   1823   1504   1591   3928   4611   2275    725    425
     2   1795   1487   1478   3762   5000   2200    775    415
     2   1702   1522   1725   4155   5065   2350    779    488
     2   1755   1517   1536   4098   4634   2265    746    420
     2   1811   1611   1537   4081   4998   2365    740    461
     2   1776   1582   1715   3989   5118   2342    788    460
     2   1674   1491   1433   3521   4724   2042    770    425
     2   1770   1490   1586   3762   4971   2250    740    425
     2   1902   1499   1680   4056   5178   2300    755    450
     2   1814   1510   1677   3856   4689   2245    805    430
     2   1728   1505   1544   3726   4746   2120    750    420
     2   1714   1525   1590   3973   4957   2230    725    425
     2   1895   1480   1561   3991   4816   2210    772    450
     2   1758   1507   1631   3852   4979   2221    765    430
     2   1640   1416   1542   3687   4601   2095    740    410
     2   1770   1621   1567   4156   4773   2286    745    436
     2   1746   1419   1700   4021   4368   2182    735    400
     2   1784   1502   1417   3959   4815   2168    750    424
     2   1781   1504   1731   3649   5104   2260    748    427
     2   1770   1396   1509   3864   3980   2061    715    400
     2   1702   1443   1500   3451   4977   2060    745    395
     2   1779   1572   1771   4016   5199   2355    792    425
     2   1747   1411   1566   3803   4537   2180    750    417
     2   1878   1549   1844   4078   4747   2295    795    430
     2   1619   1458   1402   3492   4439   1965    740    395
     2   1749   1482   1462   3797   4855   2218    765    415
     0   1841   1562   1585   3750   5024   2232    821    430
     0   1770   1459   1542   3856   4542   2140    755    405
     0   1785   1573   1616   4165   3928   2295    767    425
     0   2095   1660   1870   3937   5218   2355    842    490
     0   1976   1666   1704   4058   5235   2335    814    481
     0   1980   1643   1950   3569   6020   2355    815    460
     0   2183   1726   1939   3825   5049   2416    850    500
     0   1750   1564   1656   3155   4714   2423    760    445
     0   2227   1798   1923   4194   5521   2504    835    487
     0   1682   1480   1531   3543   4680   2100    720    400
     0   2205   1729   1924   4337   5480   2555    850    515
     0   2054   1663   2002   4171   5273   2490    800    469
     0   2128   1772   1933   4425   5952   2570    875    530
     0   1720   1539   1758   4041   4637   2306    755    462
     0   1985   1575   1887   4018   5195   2595    775    480
     0   2235   1806   1829   4286   5464   2470    858    490
     0   1943   1407   1571   3527   4715   2110    750    445
     0   1630   1521   1417   3241   4540   1908    700    380
     0   1795   1525   1758   3974   4940   2250    800    410
     0   1775   1458   1617   3733   4706   2205    755    412
     0   1786   1476   1659   4022   5045   2235    790    420
     0   1877   1480   1569   3821   4820   2235    770    435
     0   2134   1805   1856   4160   5789   2525    866    505
     0   1956   1538   1602   3679   5040   2265    755    430
     0   2102   1783   1912   3862   5777   2470    880    525
     0   2355   1809   1986   4310   5719   2545    856    500
     0   2007   1569   1746   3972   4850   2312    820    490
     0   2100   1670   1890   3935   5798   2450    796    470
     0   2196   1773   1980   4047   5206   2395    850    477
     0   1786   1559   1809   3566   5148   2390    770    465
     0   2245   1850   2043   4460   5448   2570    870    480
     0   1875   1444   1699   3625   5099   2200    775    440
     0   2226   1764   1873   4086   5153   2405    857    478
     0   2137   1670   1908   4074   4865   2353    780    474
     0   1705   1491   1434   3694   4815   2210    755    400
     0   2129   1697   2037   4369   5443   2530    865    530
     0   1867   1567   1580   3685   5068   2224    810    415
     0   1703   1576   1553   3835   5026   2240    768    428
     0   1696   1447   1417   3384   4469   1975    730    375
     0   2147   1793   2057   4360   5313   2495    872    520
     0   1787   1471   1477   4015   4584   2171    766    415
     0   2104   1699   1876   3832   5561   2400    795    466
     0   2104   1702   1967   4185   5405   2434    820    476
     0   2161   1710   1792   4096   5491   2415    805    495
     0   2067   1636   1892   3728   5404   2355    820    440
     0   2098   1606   1833   3959   5695   2480    825    480
     0   2088   1705   1929   3864   5583   2420    828    485
     0   1964   1564   1781   3984   4875   2450    786    440
     0   1837   1504   1571   3967   4654   2275    751    448
     0   1726   1531   1432   3385   4924   2160    750    400
     0   1855   1511   1555   3840   4605   2195    760    415
     0   1670   1426   1518   3684   4581   2100    727    385
     0   2018   1638   1782   3701   5634   2326    812    477
     0   1914   1574   1744   3795   5093   2178    820    424
     0   2269   1847   1947   4292   5823   2567    871    521
     0   2151   1796   2010   4253   5294   2440    830    488
     0   2177   1775   1839   3473   5743   2425    830    474
     0   1840   1517   1493   3467   4642   2048    805    407
     0   1852   1592   1657   3736   4768   2215    790    425
     0   2140   1865   2030   4228   5283   2483    825    458
     0   1986   1424   1610   3705   4938   2190    800    452
     0   2138   1668   1919   4138   5264   2425    835    450
     0   2245   1835   1984   4156   5614   2455    825    498
     0   2029   1558   1824   4075   5315   2440    810    475
     0   2132   1585   1849   3862   5223   2360    820    451
     0   1724   1587   1571   4102   4834   2270    765    465
     0   2065   1756   2047   3986   5781   2519    865    516
     0   2055   1777   1887   3643   5604   2350    840    466
     0   1698   1531   1465   3981   4737   2255    778    420
     0   2053   1702   1765   4077   5483   2363    878    489
     0   1841   1589   1806   4065   5081   2355    790    457
     0   1944   1577   1595   3908   5371   2294    815    457
     0   2095   1742   1959   3876   5886   2425    815    480
     0   1737   1463   1532   3765   4849   2202    754    432
     0   1807   1501   1646   3903   4544   2109    760    420
     0   1846   1579   1743   3668   4862   2206    735    420
     0   2145   1670   1857   4091   5460   2436    835    475
     0   1931   1410   1667   3726   4355   2145    735    425
     0   1697   1364   1637   3817   4799   2092    760    395
     0   2065   1626   1675   3823   5240   2340    866    455
     0   1975   1599   1707   4011   5449   2407    895    516
     0   1950   1658   1627   3820   5250   2315    770    470
     0   2002   1521   1649   3852   5174   2326    825    475
     0   1973   1481   1773   3922   5384   2360    770    470
     0   1969   1649   1743   3537   5393   2240    811    438
     0   1956   1672   1870   3773   5316   2325    811    475
     0   1813   1422   1608   3199   5142   2125    775    435
     0   1883   1532   1577   4069   4803   2315    757    445
     0   1837   1542   1618   4145   5037   2298    775    442
     0   1740   1659   1678   4152   4735   2320    760    445
     0   2220   1749   1874   3927   5908   2461    833    510
     0   1922   1497   1609   4028   5335   2300    755    430
     0   1767   1464   1515   3742   4785   2072    750    400
     0   1845   1441   1571   3453   5008   2080    772    412
     0   1693   1423   1629   3400   4992   2065    727    406
     0   2434   1707   1766   4028   5277   2388    815    460
     0   1741   1550   1647   3870   4854   2245    730    420
     0   1995   1745   1776   4076   5281   2386    806    455
     0   1834   1547   1696   4050   4755   2220    762    416
     0   1870   1604   1762   4087   4688   2325    760    435
     0   2036   1533   1672   3875   5725   2445    808    483
     0   2145   1617   1685   4177   5111   2285    846    471
     0   2070   1539   1876   4162   5138   2320    800    453
     0   1829   1535   1639   3793   4950   2230    815    440
     0   1993   1565   1668   3960   5152   2350    780    433
     0   1534   1433   1416   3360   4583   1945    728    390
     0   1974   1710   1935   3500   5201   2270    790    460
     0   2137   1768   1990   4253   5692   2566    904    545
     0   1808   1521   1643   4258   4678   2305    775    452
     0   1933   1541   1718   3875   5175   2245    765    435
     0   1919   1613   1772   3753   5476   2370    790    466
     0   1898   1522   1775   4224   5018   2384    825    435
     0   1829   1597   1815   4350   5026   2370    790    440
     0   2247   1689   1974   3981   5466   2485    850    478
     0   1933   1557   1762   4055   5261   2360    780    450
     0   2022   1784   1794   4169   5131   2385    815    468
     0   1975   1566   1702   4143   5417   2465    798    472
     0   2068   1734   1879   3989   5344   2355    796    475
     0   1783   1480   1434   3385   5056   2105    785    430
     0   1817   1508   1498   3882   4973   2270    770    450
     0   2353   1765   2187   4500   5703   2605    883    501
     0   1978   1655   1946   3683   5283   2369    810    461
     0   2247   1765   1909   3991   5325   2335    811    475
     0   2001   1649   1895   4091   5459   2470    840    485
     0   1859   1662   1783   4137   4878   2350    750    440
     0   1645   1362   1476   3436   4457   2038    714    400
     0   1695   1411   1451   3823   4693   2155    774    420
     0   1999   1633   1780   4045   5091   2397    795    453
     0   1824   1566   1735   3948   5156   2298    760    435
     0   2197   1847   1845   4122   5280   2410    810    465
     0   2050   1625   1828   3623   5942   2380    830    470
     0   1735   1454   1702   4045   4866   2210    745    428
     0   1815   1623   1527   3963   4883   2280    764    446
     0   2015   1664   1722   4098   5163   2345    815    485
     0   1879   1608   1796   4005   4985   2362    760    455
     0   1852   1493   1501   3796   5140   2275    770    420
     0   2077   1632   1777   3982   5384   2380    820    470
     0   1979   1699   1730   3608   5258   2289    871    431
     0   1994   1706   1854   3857   5245   2335    771    460
     0   2318   1837   1970   4277   5738   2545    831    485
     0   2189   1625   1739   4242   4874   2330    817    476
     0   2139   1762   1896   4341   5342   2554    868    492
     0   1667   1412   1469   3620   4495   2070    740    403
     0   2227   1830   1983   4195   5586   2441    840    485
     0   1981   1475   1882   3784   4973   2283    775    475
     0   2002   1647   1737   4075   5212   2300    810    450
     0   2334   1801   1907   3993   5747   2462    867    520
     0   1768   1454   1682   3855   4623   2195    750    435
     0   2100   1863   1862   3995   5689   2450    870    490
     0   1766   1500   1552   3941   4659   2225    740    420
     0   2245   1684   1968   4010   5561   2416    821    495
     0   1968   1502   1564   3418   4958   2190    780    445
     0   1829   1594   1721   3741   5089   2265    805    434
     0   2088   1637   1670   3842   5100   2300    851    462
     0   2202   1607   2005   4205   5317   2335    800    471
     0   1820   1501   1596   3864   4864   2175    780    425
     0   1639   1460   1536   3787   4481   2220    740    435
     0   1869   1465   1469   3844   4856   2245    752    425
     0   1688   1402   1560   3524   4318   1980    720    376
     0   1881   1465   1775   3940   4864   2295    745    426
     0   1855   1431   1611   4043   4978   2335    875    490
     0   1693   1503   1573   3477   4612   2100    730    400
     0   1657   1502   1764   3686   4429   2170    712    420
     0   1678   1509   1521   3647   4879   2115    710    420
     0   2159   1689   1915   4175   5510   2482    865    500
     0   1902   1645   1832   3837   5051   2430    755    460
     0   1739   1436   1471   3481   4426   2025    755    410
     0   1730   1442   1648   3750   4417   2200    770    435
     0   1702   1495   1685   3925   4649   2210    765    420
     0   2103   1655   1713   4042   4840   2295    795    445
     0   2197   1800   2131   4120   5711   2448    835    498
     0   1826   1564   1649   4028   5035   2350    790    456
     0   1746   1461   1650   3780   4380   2200    755    410
     0   1752   1573   1732   4087   4737   2255    746    416
     0   1969   1635   1825   3759   5558   2368    835    470
     0   2014   1671   1877   4079   5312   2336    830    461
     0   1868   1494   1753   4091   5171   2370    755    465
     0   1959   1644   1674   3801   5436   2352    782    456
     0   2033   1466   1594   3751   4355   2152    825    427
     0   1967   1646   1766   3930   5492   2365    785    455
     0   1940   1464   1443   3532   5061   2135    752    438
     0   2083   1635   1715   3605   5125   2311    802    451
     0   1726   1506   1617   3981   4289   2165    755    415
     0   1946   1570   1758   3916   5482   2335    790    440
     0   1800   1598   1769   3921   4977   2320    772    458
     0   2014   1551   1727   3597   5119   2166    780    452
     0   1723   1505   1625   4127   4502   2284    770    453
     0   1776   1489   1498   4273   4753   2240    745    415
     0   1624   1438   1623   3793   4592   2135    738    404
     0   1840   1598   1672   3922   5267   2300    760    455
     0   1924   1531   1655   4131   4932   2312    762    445
     0   1786   1540   1757   3731   5096   2295    750    455
     0   1991   1557   1649   3568   5293   2260    765    450
     0   1646   1541   1532   3598   5000   2185    756    410
     0   1869   1574   1777   3784   5080   2310    795    459
     0   2282   1784   1836   4049   5059   2525    815    503
     0   2236   1761   2103   4159   5815   2596    912    522
     0   1718   1417   1566   3996   4652   2228    730    436
     0   1907   1518   1760   3683   5177   2260    775    457
