  1    1  36.306  13.409  17.796 114.573 135.282 159.252  15.614   6.165 
           5.402   4.420  54.464  22.652   3.747  15.483  11.875 
  1    2  65.271  24.934  41.455   1.326  50.701  74.265  14.336   6.200 
           1.067   1.077  43.856  28.722  24.687  30.592  40.412 
  1    3  26.730  17.453   7.921 102.013  45.168 162.280  17.603   6.337 
           5.344   6.198  28.728  29.514   0.000  17.132  13.201 
  1    4  58.361  29.623  27.650   3.558  40.265 100.269  16.690   6.266 
           3.073   3.022  26.612  37.529  20.903  39.599  40.365 
  1    5  81.553  40.751  40.267   0.000   8.031  26.847  13.231   6.480 
           1.765   2.819  20.994  23.216  29.998  41.060  45.959 
  1    6  16.362  10.760   7.118  50.855  35.033  85.345   9.514   4.413 
           2.497   2.866  26.038  15.361   0.000   9.879   8.180 
  1    7  27.675  15.119  17.100   3.909  46.370  49.159   7.800   5.569 
           0.000   1.886  23.830  13.463   8.868  18.950  18.323 
  1    8  18.860  11.554   7.740  65.129  28.458  85.923   3.631   2.801 
           2.807   3.098  25.569  17.543   0.000   6.673   7.028 
  1    9  53.517  21.557  32.041   0.000  10.066  12.947   4.443   4.269 
           1.000   1.000  14.707  14.548   3.696  45.976  39.473 
  2   10  14.179   3.499   4.135  37.994  68.698  31.480  15.099   2.234 
           6.149   0.746  51.522   3.436   0.804   7.505   1.199 
  2   11  25.031   6.427   8.885   4.068  34.642  22.374  11.323   2.322 
           1.000   1.239  36.928   6.811   3.713   8.237   1.618 
  2   12  32.698   6.983  12.346  89.364  75.210  91.384  21.646   4.664 
           5.948   3.624  64.769  11.640   2.809  13.424   3.696 
  2   13  41.050  13.375  24.546   3.202  51.694  41.759  18.795   4.432 
           1.000   2.252  39.232   8.695   6.473  16.730  12.238 
  2   14  25.662   6.129  10.008 166.594  77.726  90.224  20.675   3.697 
           2.694   4.688 141.407   7.660   1.480   9.420   1.179 
  2   15  49.556  15.650  29.004  51.721 133.495 102.959  18.606   7.011 
           1.042   3.494 134.595  20.645   2.743  25.348   8.161 
  2   16  77.110  25.527  71.980   0.000  84.141  42.724  24.272   3.252 
           1.000   2.643  97.858  20.553  16.048  25.369  22.256 
  3   17 103.021   8.520   6.532  98.743  40.621  40.914  38.364   6.659 
           3.350   2.626 146.784   3.319   0.000   4.192   1.010 
  3   18  89.719  10.236   6.906 104.507  60.151  58.143  41.501   6.969 
           3.803   3.571 157.712   4.404   0.000   5.187   2.397 
  3   19  93.047   8.112   6.019  89.888  68.510  47.985  45.329   7.977 
           2.929   3.454 139.754   3.439   0.000   4.620   2.120 
  3   20  14.691   4.934   0.811  41.746  15.121  25.868   5.595   2.480 
           3.516   2.842  29.086   1.977   0.000   0.000   1.638 
  3   21  34.227   8.910  16.681   5.807  12.256  25.310   5.776   3.323 
           0.734   1.568  20.249   7.579   0.000   0.578   1.303 
  3   22  40.591  10.546 132.637   0.000   9.998  12.913   5.460   1.681 
           0.000   4.760  17.042   6.579   7.300   3.808   2.960 
  3   23  19.076   8.084   2.510  60.979  58.099  28.012  28.508   5.412 
           3.888   1.992  44.238   1.714   0.000   1.232   0.917 
  3   24  39.375  10.009  16.472  21.583  55.422  75.098  26.287   5.466 
           1.193   1.629  76.699  13.784   4.000   2.693   4.396 
  3   25  16.381  10.475   2.100 110.954  23.115  52.587   8.940   2.850 
           6.414   5.390  46.343   3.173   0.000   0.854   1.115 
  3   26  42.682  16.922  23.330  12.761  40.772 151.610  14.427   2.875 
           0.000   2.125  40.919  29.387  12.000   6.695   3.859 
