 1.2528 
 2.2824 
 0.0000 
 3.2809 
-0.5108 
 2.8094 
 2.5096 
 2.7279 
 1.5892 
 2.9755 
 2.0541 
-1.2040 
 2.7344 
 2.8094 
 3.2229 
 3.1864 
-0.6931 
 3.8816 
-1.2040 
 2.5802 
 1.2809 
-0.1054 
 0.5306 
-0.2231 
 0.0953 
 2.9232 
 0.0953 
 0.2624 
 3.7062 
-2.3026 
 0.0953 
 1.3083 
-0.5108 
 3.2581 
 3.1570 
-1.2040 
 2.3224 
 0.2624 
-1.2040 
 1.2238 
 3.2734 
-0.1054 
-0.5108 
 0.2624 
 0.3365 
-0.1054 
 0.2624 
 1.6094 
-0.6931 
-0.3567 
 2.6603 
 3.1946 
-0.2231 
-1.2040 
-0.3567 
-1.6094 
-1.2040 
 2.7081 
-1.6094 
 0.5306 
 2.4596 
 2.4765 
 0.7419 
-1.6094 
 0.4700 
 2.8959 
 1.6677 
 3.1905 
 3.0155 
 2.3702 
 2.6532 
-0.9163 
-1.6094 
 0.3365 
 0.8755 
 2.7344 
 0.4055 
 2.3702 
 3.5056 
 1.3350 
 0.7885 
 2.7788 
 1.9601 
-1.6094 
 2.8565 
 3.4874 
 3.4340 
 1.7918 
 2.6741 
 2.2192 
 3.0155 
 2.2925 
 1.6487 
 0.0000 
 1.4816 
-1.2040 
 2.2192 
 0.0000 
 0.1823 
 0.2624 
 2.7147 
 0.9933 
 1.7228 
 1.6677 
-1.2040 
 0.5306 
 1.4816 
-0.5108 
 0.7419 
-2.3026 
 0.0000 
 0.3365 
 3.4812 
 0.7419 
 0.0953 
-0.2231 
 0.3365 
 3.8416 
 0.2624 
 0.2624 
-0.9163 
-0.9163 
-0.1054 
-0.9163 
-0.1054 
 2.0149 
 3.1905 
-2.3026 
 0.9163 
 3.6988 
 2.9601 
 2.0794 
 2.8792 
 4.2485 
 2.7408 
 4.4415 
 2.4159 
 3.2734 
-0.6931 
 4.2428 
 2.5177 
 1.0296 
 0.6931 
 4.2513 
 1.7579 
 4.3845 
 1.9601 
 2.0412 
-0.3567 
-0.3567 
 2.9907 
 3.2426 
 5.6682 
-2.3026 
 0.4055 
 2.0669 
 4.6230 
-1.2040 
 3.0634 
 3.0445 
-2.3026 
 3.2308 
 3.7819 
 1.5686 
 1.3083 
 1.9601 
 0.0953 
 2.3609 
 2.5177 
 2.2300 
 1.8718 
 3.1442 
 0.0000 
 2.0015 
 2.2513 
 2.2824 
-1.2040 
 1.1939 
 1.1314 
 0.0000 
 2.6027 
 3.1311 
 4.4104 
-1.6094 
 4.0656 
 0.6931 
 2.0149 
 1.4110 
 3.3069 
 0.5306 
-2.3026 
-2.3026 
 2.3795 
 0.0000 
 4.3758 
 4.3412 
 3.0865 
 2.8565 
 2.2824 
 2.6603 
 1.4816 
 3.8133 
 3.4012 
-0.9163 
 2.0281 
-1.6094 
 3.3604 
 4.5768 
-1.6094 
 4.1043 
 1.1314 
 1.0296 
 3.2426 
 2.5494 
 2.2083 
 0.6419 
 2.4681 
 2.6319 
 2.6174 
 3.7087 
 2.2300 
 0.3365 
 3.8712 
 3.9200 
 3.6839 
 3.0865 
 2.6027 
 3.6481 
 3.1485 
 3.2149 
 3.6610 
 3.3638 
 4.6191 
 3.0106 
 2.5337 
 3.0204 
 3.0681 
 3.8373 
 2.7014 
 1.7579 
 4.0483 
 4.2499 
 1.7918 
 3.1905 
 3.3105 
 3.0397 
 3.3499 
 2.5726 
 2.3321 
 2.1282 
 1.1632 
 4.7041 
 0.7885 
 2.6174 
 3.1612 
 4.4284 
 1.5686 
 3.2387 
 3.2465 
 4.1336 
 2.6174 
 3.1046 
 1.6292 
 2.6878 
 3.8628 
 2.4765 
 2.7344 
 3.7542 
 2.5177 
 4.1174 
 2.5096 
 3.0587 
 3.4210 
 3.8795 
 3.6082 
 4.0792 
 3.7448 
 0.8329 
 1.7228 
 3.5553 
 1.6487 
 1.5476 
 2.0015 
 3.0445 
 2.6247 
 2.9601 
 2.0919 
-0.6931 
 1.1314 
 2.9857 
 2.3321 
 2.0412 
 2.2824 
-2.3026 
 2.2513 
 2.9857 
 4.3605 
 2.8565 
 3.8330 
 0.1823 
 2.8391 
 3.5145 
 4.5454 
 2.0919 
 4.5315 
 2.5953 
 3.7329 
 2.9014 
 3.6082 
 2.9232 
 2.6603 
 2.3795 
 3.4468 
 4.2711 
 2.6174 
 2.3026 
 3.2619 
 3.7519 
 2.2721 
 0.8329 
 3.9338 
 3.8979 
 3.3214 
 2.9178 
 2.5572 
 2.8094 
 3.2027 
 3.2958 
 3.5525 
 3.5639 
 2.7014 
 2.3514 
 4.0893 
 3.1946 
 3.1311 
 4.1775 
-1.2040 
 1.1632 
 1.7750 
 4.6161 
 3.6136 
 1.8718 
 2.5649 
 3.1091 
 4.3944 
 4.5921 
 2.7081 
 4.6308 
 1.7750 
 4.1479 
 2.7081 
 1.8083 
 3.1268 
 2.9806 
 4.4716 
 5.4528 
 4.3108 
 3.0773 
 4.6141 
 4.5860 
 1.7579 
 3.0910 
 2.7081 
 2.7408 
 4.0843 
 4.2836 
 2.7344 
 2.7147 
 2.4248 
 2.9339 
 4.8267 
 3.0350 
 3.0397 
 3.6481 
 2.8904 
 1.9879 
 2.7279 
 1.9315 
 2.9755 
 3.1268 
 1.5686 
 2.8848 
 3.2465 
 2.7600 
 2.6946 
